    -41992.9
    -19926.1
           0
    -32764.2
    -21518.8
    -14275.3
    -26207.3
    -6684.38
    -14449.2
    -24433.2
    -27352.8
    -12060.6
           0
    -24513.5
    -40357.8
    -32704.3
      -22566
    -43142.3
           0
    -22527.1
           0
    -25057.7
           0
           0
           0
    -13448.5
    -43229.2
    -16746.8
    -28811.1
    -39748.3
    -38902.2
    -14255.7
    -15359.8
           0
           0
           0
    -24434.6
           0
           0
    -18437.4
           0
    -22808.5
    -19414.6
    -22039.5
    -41811.5
    -8955.16
    -19102.7
    -24767.7
    -23036.4
      -37615
           0
      -30033
    -42815.7
    -32192.2
    -20489.9
    -43338.5
    -19988.5
    -36127.8
    -47683.8
           0
           0
           0
    -17946.7
      -31201
    -24245.5
           0
    -25646.3
           0
    -27284.2
           0
           0
    -77599.3
           0
    -61421.9
           0
    -26582.7
           0
    -48938.8
    -23175.8
    -60597.2
           0
           0
    -33990.6
           0
      -26798
      -24710
    -43956.4
    -30925.5
    -28935.7
           0
           0
    -32605.5
      -28330
           0
      -36963
    -34764.1
           0
           0
    -40644.1
    -18823.2
           0
    -32627.2
      -39341
           0
    -26677.4
    -4728.42
    -30134.1
    -13221.9
      -17016
    -35190.3
      -45381
    -28881.9
    -37320.6
    -50330.1
    -19599.9
           0
    -20607.9
           0
    -37896.4
    -34216.3
    -13839.2
    -19085.5
           0
    -34273.1
           0
    -56804.8
           0
           0
    -76412.3
           0
    -22004.1
           0
    -39298.9
      -38801
    -36984.5
    -83580.6
    -22680.9
    -50123.7
    -28859.6
    -27288.3
    -43436.7
    -23012.1
           0
           0
    -63576.3
    -60538.6
    -65148.7
    -64979.3
    -69502.2
           0
           0
    -30289.1
      -50824
    -34479.7
           0
      -10861
      -26741
    -11719.4
    -12222.1
      -49767
    -11236.8
           0
      -25269
    -21777.8
    -16919.8
      -29572
           0
    -17997.7
    -23142.1
    -51002.3
    -23928.2
    -31921.1
    -49123.9
    -80079.5
    -16390.1
    -30336.8
           0
    -42960.1
    -32940.5
           0
    -26989.2
           0
    -29612.4
    -31512.9
           0
    -53313.5
           0
    -47982.5
           0
           0
    -45056.6
           0
    -16203.4
    -18951.1
    -16686.1
    -21585.7
           0
    -21109.6
    -29662.5
           0
    -26354.9
    -25400.9
    -38264.7
    -38828.5
    -24907.6
    -51154.6
           0
      -41867
           0
    -32159.8
    -90111.4
           0
    -28395.2
    -26423.2
      -24272
    -44744.1
    -49415.6
    -26387.5
    -48550.3
           0
    -39796.2
    -30999.2
    -26196.8
    -30120.1
           0
           0
    -33627.4
           0
           0
    -45142.7
      -31909
    -48785.7
           0
    -39367.4
    -24221.7
    -40941.6
    -34405.4
    -38974.9
    -39938.4
    -25495.3
    -34808.1
    -29997.4
           0
    -31888.6
    -19424.6
    -21197.1
    -23965.3
           0
    -29575.2
      -23103
    -24712.3
    -52110.9
    -35276.8
    -49005.1
    -34623.5
    -36800.7
    -35420.6
    -37399.2
    -32207.4
    -35643.7
    -25740.5
    -33451.2
    -32314.4
    -39991.6
    -39749.7
    -35807.9
    -33888.5
    -18312.8
    -37750.2
    -26081.4
      -46025
    -29704.7
      -25446
    -29230.1
           0
    -70453.3
    -70711.1
    -63767.9
    -67786.1
    -82184.7
    -63833.3
    -47980.2
    -60401.6
    -49404.4
    -32647.3
      -39185
    -38696.1
    -57757.1
    -46484.9
    -39292.2
      -36852
    -38619.1
    -50521.1
    -62089.3
    -43450.6
    -36470.4
    -37424.6
      -25160
    -21095.1
    -15944.2
    -30356.4
    -22161.5
    -26112.5
    -23805.8
    -71552.9
           0
    -22193.5
           0
    -51423.9
    -30875.1
    -30110.7
    -53388.9
    -99528.1
    -53750.7
    -31707.8
    -27163.5
    -27218.3
           0
    -28320.2
    -27958.6
      -35629
           0
           0
    -42035.4
    -33454.6
    -46323.7
           0
    -22943.3
    -25205.1
      -18824
           0
    -16297.8
      -19253
    -23925.9
    -21214.5
    -26356.3
      -15968
    -31977.3
           0
    -21859.2
    -17239.7
    -24412.5
    -17790.6
    -17205.6
    -18856.2
    -19937.6
    -19200.2
    -26633.2
           0
      -17088
    -22775.1
    -31594.8
    -24260.6
    -27375.8
    -24880.8
           0
    -26798.9
      -41788
    -19275.7
    -59086.4
           0
    -20610.9
      -49017
    -25555.9
    -22864.9
    -18561.2
           0
           0
    -36969.7
           0
    -36809.6
    -26148.8
    -24089.7
    -14321.1
    -25220.5
    -20655.5
    -17126.6
    -27027.7
    -22846.3
    -28975.2
      -20500
      -24328
    -36736.3
           0
    -36393.9
    -40645.3
    -24628.6
    -39289.9
    -32111.6
    -18872.7
    -27087.7
    -35070.3
    -44804.3
    -22554.4
    -23968.2
    -32716.6
    -22913.5
    -25330.5
    -36499.2
    -25736.3
    -17783.4
    -42480.6
      -16846
    -24064.4
    -28449.2
    -31552.1
    -27788.4
    -72816.5
    -35723.5
      -41063
    -51529.3
      -41335
      -22321
    -26435.3
    -25023.2
    -17684.1
    -22883.2
    -19162.8
    -17178.8
    -21942.8
    -22114.6
    -53284.5
    -60112.3
    -56123.9
           0
    -29536.7
    -31942.5
    -28658.8
    -22310.4
    -17390.5
    -93155.3
    -8288.49
    -11693.1
    -12173.3
      -19372
    -19656.6
    -48018.9
    -57976.1
    -23381.5
    -40707.9
    -21765.6
    -22752.7
      -37822
    -92387.8
    -21665.3
    -16809.3
    -7668.11
    -19628.9
    -21733.1
    -27469.9
           0
      -40251
    -44623.7
           0
    -21697.1
    -11777.4
    -76761.7
      -23082
    -51443.1
    -65543.4
    -68071.2
    -21300.8
    -54726.4
    -21359.9
    -58865.8
    -50359.5
    -19842.3
    -31513.3
    -17624.5
    -28651.8
    -29770.8
    -34342.7
           0
    -33852.1
      -47988
    -24980.4
    -52332.9
    -39319.7
    -21390.8
    -32745.5
    -32848.4
    -34283.9
      -29777
    -39009.9
    -36351.2
    -35155.9
    -27834.9
    -29589.4
    -24480.5
    -29902.9
    -35567.1
    -34328.8
    -30104.7
    -39803.6
    -32553.4
    -22206.7
    -31868.5
    -35338.6
    -30571.5
    -41775.3
    -36813.5
    -27880.6
    -33693.5
    -26566.4
    -24530.1
    -70697.9
    -44878.5
    -59825.9
      -50815
    -29317.6
      -55518
    -44248.2
      -31406
    -26229.7
    -23583.2
    -37645.2
    -28334.3
           0
    -34369.6
      -50679
           0
    -28893.8
    -43055.3
    -21602.7
    -19051.2
    -17756.5
    -14296.4
           0
    -10595.8
           0
    -41396.4
      -19826
    -42683.5
     -104970
    -17914.9
    -16579.4
    -24721.5
      -23085
    -26606.9
    -22934.2
    -51405.1
    -23911.7
    -25958.5
           0
    -28157.6
    -14470.9
    -16280.1
    -22692.2
    -16259.6
    -18537.5
    -45041.1
    -72698.7
    -27266.9
    -38789.6
    -18565.6
           0
    -40185.8
      -72403
      -10519
    -23518.3
    -25647.7
    -21032.4
    -31187.5
    -29962.8
    -25985.5
    -32321.4
    -24763.3
    -26471.3
    -22138.1
    -19891.8
    -17829.5
    -21634.4
    -42521.4
    -16414.2
    -15154.2
    -30720.3
    -24805.7
    -23980.1
    -34803.9
    -38480.8
    -51660.1
    -24809.5
    -18455.3
      -39067
    -26155.8
    -25105.4
           0
           0
           0
    -68031.1
    -61431.7
    -61161.1
    -57543.6
    -65251.4
           0
           0
           0
    -54857.2
           0
    -24073.8
    -44704.6
      -30280
    -26470.5
    -14228.5
    -11090.7
    -12166.7
    -15210.2
      -11693
    -23116.7
    -23680.5
    -12694.3
    -24476.9
    -19168.2
           0
    -17290.6
    -17382.9
    -24913.1
    -15255.1
    -16445.2
    -22855.2
    -21038.5
    -13270.6
    -19337.2
    -29960.3
    -29329.8
      -18758
    -33785.9
    -26189.4
      -23574
    -16065.6
    -21597.8
    -21832.8
    -26108.2
    -24884.8
    -19299.2
    -22424.1
    -68893.5
    -64756.4
    -16370.9
    -45766.6
    -23627.7
    -41562.5
    -25837.8
    -39887.8
    -36614.5
    -19114.7
      -45252
    -50871.3
           0
           0
    -21862.3
    -24678.8
    -17619.1
    -19503.6
           0
      -27375
    -19960.8
    -22372.7
    -22226.6
    -53996.1
    -18567.4
    -15995.9
      -17975
      -25846
    -19191.3
    -12048.8
    -62542.8
    -18687.5
    -27604.1
      -22542
    -13657.8
      -45875
    -24651.6
    -16151.9
    -26722.4
    -30682.6
      -38537
    -22421.6
    -58234.5
      -19474
           0
    -39786.9
    -15492.7
    -22799.9
    -24590.3
    -20821.6
    -26064.6
    -31008.9
    -25088.5
      -24946
    -29006.4
    -42261.5
    -29963.5
    -19487.9
    -9973.93
    -46427.1
    -28227.2
      -49916
     -132485
    -42460.7
    -30816.9
    -33519.4
    -30011.6
    -26140.3
    -20114.5
      -35702
    -56945.8
    -19054.7
    -34747.3
    -33065.8
    -28140.7
    -26021.8
    -30451.6
      -44412
           0
    -20040.6
    -31276.8
           0
           0
      -17947
    -37604.2
           0
    -21991.3
    -25181.6
    -21205.9
    -24889.5
           0
    -61724.7
    -66786.2
      -80362
    -46915.4
    -52776.2
    -60715.2
    -48800.7
      -36272
    -51127.8
           0
      -11352
    -13950.9
           0
           0
    -21186.7
    -34697.7
    -24027.8
    -31756.7
    -19615.5
    -30090.6
    -32399.7
           0
           0
    -22920.8
           0
    -61917.9
    -34883.2
      -19027
           0
    -37350.7
    -27341.7
           0
           0
           0
    -36980.3
    -31001.5
           0
           0
           0
    -36625.1
    -35598.4
    -31448.4
    -21584.1
    -35054.2
           0
           0
           0
    -17447.6
    -17595.8
           0
           0
           0
    -18736.4
    -23575.4
           0
    -36819.6
           0
    -12927.5
           0
    -57189.3
      -28170
    -30977.3
    -13304.8
    -32002.1
    -22549.7
      -18900
     -422947
      -18891
    -17128.2
    -22613.3
    -33848.5
           0
           0
    -35423.3
    -26594.1
    -29610.3
    -27492.4
    -12307.2
    -26384.4
    -22749.5
    -30261.5
           0
    -30823.5
      -32437
    -31238.8
    -44549.6
    -38844.3
    -48631.4
    -31811.2
    -19091.8
    -26513.1
    -40190.3
    -35326.1
    -42671.8
    -38515.4
    -25964.8
    -26872.2
    -47189.2
    -29785.4
      -29913
    -35092.4
    -41601.3
    -51073.1
    -34561.4
    -26154.7
    -52189.6
    -44030.5
           0
           0
      -30656
      -40920
           0
    -41663.9
           0
           0
    -24440.5
           0
           0
           0
           0
           0
    -67035.5
           0
           0
    -77567.1
           0
    -20866.1
           0
           0
           0
           0
           0
           0
    -13963.7
    -32569.4
      -73597
    -23733.6
           0
           0
    -96773.9
    -29169.7
    -28852.4
    -24158.8
    -42984.1
    -48793.2
           0
      -30658
    -42806.6
    -46684.5
    -26815.2
    -41926.3
    -29774.6
           0
    -63141.6
    -82256.6
    -19255.1
    -47453.9
    -44564.4
    -39830.3
    -38444.7
    -33384.1
    -37552.6
    -45698.2
    -25886.8
    -44464.8
    -30578.6
           0
    -55819.3
      -42683
           0
           0
           0
    -37061.4
           0
    -25037.7
    -52147.1
    -24566.7
    -50800.8
    -46405.7
           0
    -27726.2
    -17768.6
    -33268.4
    -32750.8
    -37363.2
    -44176.4
    -38284.8
    -21374.2
 -2.6595e+06
           0
    -44821.8
           0
           0
    -29271.8
    -35228.5
    -19060.5
    -36603.7
    -31925.5
    -39168.2
      -27308
    -31756.6
    -24273.1
    -56783.8
    -34364.6
    -33333.6
    -29015.5
    -24052.2
           0
    -30616.2
    -35523.5
    -25484.3
    -31622.4
    -35809.1
    -27394.5
           0
    -26415.1
    -27938.2
    -38175.6
    -42971.7
    -24538.1
    -35487.4
    -46790.9
    -35657.1
    -61765.9
           0
    -42388.2
    -34593.3
    -34482.3
    -30958.4
    -35885.9
    -38938.5
    -22119.2
    -21289.7
    -28336.1
    -23381.2
      -24827
    -29915.6
    -55663.1
    -19077.6
    -24266.6
    -30268.2
    -22899.9
           0
    -16800.3
    -17800.3
    -37296.7
    -23391.1
    -35616.3
    -34142.7
    -26377.8
    -31923.6
    -22831.9
    -23100.5
    -21864.4
    -24968.1
    -25528.5
    -31589.4
    -22930.2
    -32005.9
    -21770.1
    -17961.3
    -23412.6
    -32549.8
    -22415.6
    -40687.8
      -33817
           0
    -39323.8
    -46533.8
           0
    -52349.9
    -40184.9
    -37854.7
    -40839.4
    -40739.2
    -66574.1
    -47611.8
    -47644.7
    -53828.4
    -29489.2
    -24927.5
    -20621.5
    -21781.7
    -47561.6
    -21387.9
    -17424.4
    -20062.7
    -37210.1
    -33366.5
           0
    -45851.1
    -54597.2
    -44935.9
    -36431.5
    -50461.3
    -50174.4
           0
    -48820.9
    -73916.7
           0
    -56831.6
    -54556.4
    -45695.4
    -44716.2
    -40416.7
    -41364.2
      -42790
    -43541.5
    -37334.7
           0
           0
    -16219.1
      -17644
    -20847.6
    -30124.4
    -22720.1
      -32238
     -129522
    -32204.5
    -39594.5
    -50626.9
    -29639.5
    -39531.9
      -38008
           0
    -21958.3
    -26623.3
      -46844
           0
           0
    -22148.9
     -130314
    -26053.9
    -29653.2
           0
    -23342.4
    -34314.3
    -28854.3
    -44824.9
    -17750.4
           0
      -19497
           0
           0
           0
    -61774.3
           0
    -42654.2
    -46187.2
    -21213.9
    -61777.2
    -58844.1
    -35909.8
    -26945.9
    -48851.2
    -26189.7
    -40877.7
    -69254.5
    -46299.9
    -39711.8
    -19911.5
           0
    -46320.5
    -21504.3
    -21513.8
    -24528.8
    -43946.8
    -61726.5
    -23629.9
    -33571.5
    -24836.6
           0
    -47586.5
    -33321.5
      -25452
    -22975.6
    -25414.7
    -30780.9
    -62002.7
    -49578.5
    -38711.4
    -31686.4
    -40506.1
    -49649.9
    -21213.6
    -20501.4
    -44226.1
      -32139
    -20118.3
           0
      -42409
-3.49867e+06
      -23240
    -34190.7
    -25119.5
    -23819.4
    -29635.5
    -24512.2
    -42837.2
    -21742.4
    -26201.7
    -32025.9
    -41226.3
    -31229.5
    -44863.4
    -37715.9
    -40821.5
    -24988.7
    -28118.3
    -32311.4
    -33919.2
      -23059
    -31436.5
    -26043.4
    -26640.2
    -35590.4
    -27967.2
    -19939.2
    -25360.8
    -44301.9
    -19709.1
    -19248.4
    -19226.8
    -18855.1
    -23591.9
    -36912.1
    -33661.9
    -27448.1
    -28372.1
    -30186.9
    -36759.2
      -19237
    -33555.8
    -15795.4
    -43442.6
    -32975.2
    -33016.7
    -41952.3
    -24754.2
           0
    -19721.7
    -31422.6
    -31667.4
    -39403.9
    -44854.5
    -18957.6
    -24061.1
    -26242.2
    -31160.1
    -21878.3
    -31631.9
    -24557.7
    -30875.3
    -29912.6
    -31217.7
    -20326.3
           0
    -8682.13
    -19640.9
      -35599
      -22902
    -69093.6
    -33766.5
    -39403.6
    -49899.5
    -31833.1
    -20816.7
    -33666.9
    -39253.3
    -15058.7
    -32495.2
    -33397.9
    -57273.1
    -20514.9
    -50533.6
    -10968.6
    -40182.3
    -82097.6
    -38246.4
    -21055.3
    -36608.3
    -46289.6
    -28908.3
           0
      -29541
    -33125.1
    -39377.7
    -21819.6
      -63790
    -47227.6
    -31165.9
    -69378.4
    -26105.1
    -45061.2
    -36189.9
    -38953.6
    -50024.6
    -67061.9
    -42579.2
      -28753
    -34760.4
    -38419.5
    -41224.8
    -43649.4
    -34909.4
    -55978.9
    -57178.2
    -21493.8
    -27168.4
    -29817.4
      -50636
    -44770.1
    -41572.5
    -48651.7
    -41022.3
    -41844.8
    -44114.7
    -24664.4
           0
    -45737.7
    -24826.6
           0
    -34277.2
    -26685.2
    -40650.9
    -28003.8
           0
    -36112.5
    -55149.4
    -31634.8
    -63431.2
           0
    -49474.2
    -41177.5
    -39910.1
    -22879.5
    -30972.5
           0
           0
    -36831.9
           0
    -23685.9
           0
    -42228.9
    -45998.4
    -32443.5
      -54177
    -51322.1
    -41059.5
    -25540.5
    -25724.9
    -39397.7
    -39026.6
    -36765.4
    -38348.6
    -37817.2
    -39156.3
           0
    -55103.7
           0
      -13572
    -53571.3
    -17191.6
    -32586.8
    -51608.7
    -40663.2
           0
    -29990.1
    -17909.3
    -28564.6
    -24986.9
    -20240.7
    -30262.2
    -25126.1
    -27407.3
           0
    -22774.2
    -26356.6
    -33372.2
    -28076.8
    -20558.9
    -24615.1
    -40307.8
      -27975
    -34679.1
    -43794.2
    -20888.6
    -16569.6
    -85675.2
    -20172.1
    -23328.4
    -15811.4
    -17547.6
     -197002
    -55032.4
           0
    -29454.5
           0
           0
      -54248
    -42148.1
      -30802
    -29506.3
    -35813.9
    -33578.6
    -47998.1
    -21175.9
    -39256.2
    -19939.4
    -45242.7
    -45993.9
    -25778.4
    -45503.1
    -47357.5
           0
    -59355.3
           0
           0
    -59641.9
    -32935.8
    -46228.9
    -33915.8
    -28245.5
           0
    -14536.4
    -46012.5
    -39925.5
           0
    -44212.8
           0
    -42471.4
      -42180
    -57005.8
    -26986.1
           0
           0
    -46807.5
           0
           0
    -43015.2
    -46908.2
           0
           0
    -33654.3
    -60948.5
    -25897.8
    -46000.5
           0
           0
    -44221.7
    -51380.1
      -36026
    -37322.1
    -25979.1
    -30441.7
      -31723
    -37446.3
    -31927.4
           0
           0
    -36940.7
    -36338.2
    -45332.9
    -34868.8
    -20714.6
    -37764.4
    -57858.6
    -20276.6
    -31173.6
    -25052.4
    -20041.7
     -108165
    -27388.2
      -36835
    -35245.2
    -15625.3
      -32068
    -30649.8
    -14747.1
    -28053.4
    -26753.4
    -30162.3
           0
    -36292.9
    -47324.7
    -45521.3
    -34455.5
    -27566.2
    -32641.8
    -40591.3
    -29983.1
    -24318.6
    -43421.6
    -39227.2
    -51648.8
    -48389.6
      -24603
      -32031
    -19793.4
    -16487.7
    -50054.1
      -30747
    -37160.5
    -29870.2
    -41514.4
    -37452.7
    -30345.1
    -34553.6
      -33393
    -16295.8
    -57558.5
    -32999.3
      -53377
    -15920.6
    -25033.2
    -28588.4
    -18551.9
    -26630.4
      -21885
    -32900.2
    -43937.4
    -51319.5
    -34678.3
    -26488.7
    -61201.1
    -23779.8
    -35062.2
    -64463.7
    -14406.7
    -20796.4
           0
    -30679.8
    -22469.7
           0
    -42410.1
    -30854.8
    -17096.3
           0
    -21471.7
    -37806.6
      -42983
    -38054.6
      -16904
           0
    -37383.5
           0
    -22578.8
           0
           0
    -55666.5
    -68144.6
    -63207.3
    -37955.9
    -48689.4
    -44048.5
    -45701.3
    -39433.6
           0
    -54589.8
           0
    -43334.5
           0
    -54631.9
    -50749.6
    -54829.4
    -40987.4
    -50903.1
      -65379
      -44515
    -64311.3
    -16561.5
           0
    -28445.4
    -47226.7
           0
    -72199.4
    -40794.1
    -60528.9
    -46186.7
      -45854
    -95748.9
    -66623.7
    -51988.7
    -48243.2
    -43692.5
    -48704.1
    -42364.5
           0
    -52407.1
    -33719.4
           0
    -88052.6
    -32829.9
    -51621.6
           0
      -45514
    -53932.1
           0
    -37134.9
           0
           0
      -46805
           0
    -44127.4
    -35396.9
           0
      -53045
    -29548.4
    -46717.4
    -33909.5
    -49573.6
    -55279.1
           0
           0
           0
           0
           0
    -60023.4
    -30972.3
      -46024
           0
           0
           0
    -35054.2
    -44760.6
    -42210.8
    -37442.3
    -38212.7
    -44412.1
    -28608.3
    -32976.7
    -29922.7
    -37437.5
    -48415.7
    -66551.1
    -68486.5
    -58495.6
    -54879.7
    -47271.9
    -63264.7
    -49713.3
    -48609.1
    -37363.8
    -48838.8
    -32183.2
    -53669.1
    -27013.3
      -67202
           0
           0
           0
    -48302.3
    -38248.5
    -28514.1
    -37110.8
    -53375.5
    -23848.5
    -41618.3
           0
           0
           0
           0
    -33455.4
    -41683.5
      -49391
    -53574.1
    -51973.8
      -50969
    -57014.7
           0
    -30777.6
    -31592.1
    -42019.7
    -33778.8
    -50897.3
           0
    -15446.1
    -26305.2
    -14774.3
      -45322
    -28446.1
    -48573.8
    -46878.9
    -22755.3
    -41611.4
           0
           0
    -50830.4
    -40463.3
      -48907
           0
    -55302.2
           0
    -38884.2
    -59762.6
    -51403.4
    -59209.5
           0
           0
           0
           0
    -32164.7
    -61261.7
    -52739.3
    -39286.1
    -42165.6
    -54418.6
    -53862.3
           0
    -29322.6
    -50656.5
    -30781.7
    -31938.7
    -27037.1
    -32980.7
    -32720.6
    -17836.8
    -38551.4
           0
    -55298.9
           0
    -17828.1
    -31646.6
    -43494.6
    -46488.9
    -82232.5
     -231627
    -29019.8
    -38073.4
    -70305.8
    -22741.8
    -60275.1
    -59286.7
    -56999.6
           0
    -28501.9
    -61948.4
    -28697.5
    -30881.5
    -37609.2
    -41068.5
    -46938.2
           0
    -55078.9
    -50740.8
    -52171.6
    -49138.6
           0
    -49050.1
      -43539
    -52340.9
           0
           0
      -70482
           0
    -56917.8
    -28260.1
    -37110.8
    -34135.2
           0
    -27232.4
    -35760.1
    -35156.5
    -38979.9
           0
    -27435.3
    -57825.4
    -31757.8
      -22104
    -15806.4
    -8957.04
    -20882.5
    -14480.1
    -12075.7
    -25065.5
    -18739.7
    -30527.6
    -24938.2
    -22220.7
    -17688.6
    -33647.6
    -19391.5
    -42655.5
    -44804.8
    -14770.8
    -50045.3
    -27413.6
    -41534.6
    -70630.7
    -44883.2
    -36672.3
    -38852.6
    -51084.8
    -32175.8
      -38107
    -38898.2
    -26815.8
           0
    -55955.9
    -34114.1
      -41562
    -37765.9
    -26788.3
    -42031.3
           0
    -36215.5
    -42533.4
    -46068.9
      -46189
    -24134.6
    -40530.8
    -23361.9
      -82696
           0
    -32923.1
    -56183.9
           0
    -31077.9
    -34560.5
    -20010.1
    -23698.1
    -20717.4
    -15939.5
    -32895.5
    -16549.6
    -52893.2
    -55897.1
      -67221
      -49109
    -55485.2
    -44669.8
    -35327.7
    -64429.7
    -40240.1
    -60699.7
    -53384.4
    -38352.5
    -29101.9
    -23400.8
    -24389.7
    -21692.3
    -25038.2
    -23836.7
    -25076.4
      -31532
    -43613.5
           0
    -21012.7
    -22929.4
    -26491.6
    -20792.5
    -16900.7
    -20376.4
    -19900.9
    -19900.8
    -26728.5
    -22617.7
    -41181.4
    -54879.3
    -42094.6
    -39592.6
    -45689.2
    -33885.4
    -61004.2
    -55764.1
    -44390.9
    -53397.3
           0
    -39261.2
    -51959.1
    -51731.3
    -69341.1
           0
           0
    -44653.8
      -42164
    -35485.2
    -39131.1
      -43026
    -50622.7
    -46485.6
    -41074.7
    -52958.8
    -41164.3
    -39706.8
    -61371.5
      -80973
    -41483.4
    -22067.9
    -22730.1
    -19445.3
    -38234.7
    -55496.1
    -50218.7
    -58920.1
    -45613.6
    -59695.6
    -47485.8
    -50430.9
    -42172.3
      -45486
    -56014.1
    -42410.5
    -29080.8
    -23605.5
    -20189.1
    -30099.8
    -69477.9
    -44475.5
    -60117.2
    -48328.2
    -35237.5
           0
      -46914
    -49419.4
    -54840.8
    -38885.4
    -48273.3
      -18404
    -44763.2
    -22755.7
    -30514.7
      -31260
    -42797.7
    -44385.6
    -97708.9
    -47533.7
    -41992.2
    -35616.6
    -35248.5
    -39722.7
      -46718
    -21317.6
           0
    -36979.2
    -39221.9
    -35445.9
    -36620.2
      -31988
    -31915.3
    -19384.2
      -63170
    -37246.1
    -11354.2
    -44782.8
           0
    -19480.2
    -16736.7
           0
    -18999.2
    -37686.9
    -46489.6
    -24105.9
    -16955.6
    -14806.8
    -52501.5
    -57000.6
    -48153.6
    -34315.9
    -65456.8
    -45628.7
           0
           0
    -43779.7
    -52800.8
    -50394.4
    -63277.1
    -52000.5
           0
    -53143.6
    -41621.5
    -38199.7
    -30824.4
    -30417.5
           0
    -30953.9
    -25608.3
    -29378.6
    -25039.4
    -23347.4
           0
    -25092.8
    -25985.6
    -29771.4
    -24610.6
    -49688.6
           0
    -30992.3
      -35465
    -28598.8
    -27916.8
    -29484.3
    -39004.9
    -61913.4
    -47239.9
    -12400.8
    -21199.7
      -26249
    -40878.1
      -34230
    -30053.2
    -25125.4
    -34721.4
    -36497.7
    -37099.5
      -26126
    -30066.2
    -33709.6
    -9996.07
    -11335.5
    -24869.2
    -73472.2
      -14626
      -17742
    -84646.7
    -22167.3
           0
    -36440.9
           0
    -59762.3
    -59400.9
    -68688.2
    -36457.5
    -43980.5
    -68460.8
    -39115.3
    -40295.5
    -63427.7
      -38304
    -60770.5
           0
    -62081.2
    -76021.7
    -41924.2
    -41762.6
    -39254.5
    -53807.2
    -36286.8
    -34417.6
    -68598.3
    -61665.5
    -59132.5
    -44954.4
    -56609.2
    -47887.6
    -39302.9
    -39751.7
    -43521.1
    -34901.7
           0
    -48577.4
    -47219.5
    -40866.6
    -64248.2
    -61780.7
    -50362.4
    -41117.4
    -65807.1
    -37774.8
      -70666
    -57544.6
           0
           0
    -73580.5
    -34950.6
    -58316.8
    -42873.5
    -44586.4
    -46403.5
    -45246.8
    -45281.9
           0
    -36086.9
           0
      -48844
    -49388.1
    -29418.1
    -42475.5
    -36518.1
    -37317.7
           0
           0
    -57976.1
      -65906
    -77583.8
    -44720.8
      -40943
    -38340.7
           0
    -56658.8
      -29587
    -58637.8
    -41863.2
    -52227.5
    -28827.6
      -39881
           0
    -84234.1
    -34557.8
           0
    -36397.3
    -28727.2
    -39851.7
    -37259.5
    -33946.2
    -41928.1
           0
           0
    -24929.2
    -23841.3
    -43899.9
    -55834.5
    -37425.9
    -40766.4
           0
    -35832.3
           0
           0
    -27641.5
    -27099.9
    -58648.2
      -28721
    -50505.8
    -41274.6
    -51856.9
      -54025
           0
    -57023.2
    -68772.4
           0
           0
    -59286.2
    -33562.6
    -36732.1
    -63587.1
      -34872
    -43249.3
    -39826.1
    -61276.1
      -52959
    -34512.8
    -57148.8
    -34020.6
    -68485.3
    -74383.5
    -42265.6
    -53122.4
    -68335.7
    -69224.3
    -56609.5
    -40779.7
    -61251.5
           0
    -59695.8
      -56411
      -53667
    -37846.2
           0
           0
    -67614.5
    -65743.2
    -49848.2
    -58548.8
           0
    -56806.1
           0
    -33458.6
    -32869.2
    -40894.2
      -37974
      -36780
      -46863
    -32301.6
    -36567.3
    -40787.7
    -32437.5
    -34080.2
      -42804
    -44494.7
           0
    -50445.3
           0
           0
    -46258.4
      -37141
    -39699.1
    -46491.1
    -55148.6
    -42579.2
      -56558
    -41859.1
    -52712.7
    -50388.8
    -53684.2
    -56493.2
           0
    -73230.7
    -32801.7
    -41323.6
    -30679.4
    -47623.4
      -44813
    -68319.1
      -50401
    -34834.8
    -33195.7
    -54958.9
    -34598.5
    -44312.4
    -49831.9
    -56454.8
    -30829.6
    -43095.5
    -53106.4
    -47267.5
    -58076.7
    -57726.4
           0
    -36427.4
    -29966.7
    -53273.7
    -63400.7
    -39706.9
           0
    -54509.7
    -62133.5
      -64585
    -39385.7
    -29970.5
    -31903.7
    -46420.9
    -59688.3
    -75919.1
    -61340.8
    -97210.6
    -49720.2
    -46753.1
    -77506.6
    -86772.5
    -67655.5
      -39156
    -49532.5
    -54155.8
    -31503.8
    -56495.3
    -64646.6
    -36416.8
    -49397.3
    -69611.1
    -35111.8
    -53573.7
      -39040
    -49391.4
    -47789.4
    -54478.4
    -73804.7
    -47497.1
    -64908.9
    -66282.8
    -55761.6
      -57162
    -60437.9
    -51017.1
    -56211.2
    -89109.7
      -67378
    -56770.4
    -54164.9
    -39704.8
    -35200.8
    -37661.6
    -56176.2
    -43469.1
    -34326.9
    -32730.1
    -67658.8
           0
    -47298.4
    -71780.5
    -46202.3
    -83239.2
    -64701.2
    -85273.1
    -52439.1
    -97065.7
    -47948.4
    -76517.6
      -38099
    -63596.2
           0
    -42609.8
      -42916
    -32540.6
           0
           0
      -48288
    -47593.5
      -46113
      -38099
    -35752.6
    -41533.2
    -37323.6
    -45454.6
    -40480.4
    -25115.1
    -47574.2
    -40410.1
    -48244.3
    -39674.9
    -34395.8
    -39557.1
    -30180.5
    -26702.2
    -39491.8
    -55836.2
    -26704.6
    -42038.8
      -50480
    -59985.1
      -49633
    -50655.6
    -41914.3
    -74104.3
    -42876.5
    -58538.3
    -54952.4
      -43444
    -50275.5
    -59845.4
    -51062.8
      -56774
      -58486
    -32224.7
    -35892.9
    -60542.9
    -42617.8
    -39965.3
    -55757.3
    -49138.4
    -53575.5
           0
    -58844.9
    -53329.5
           0
    -48165.3
    -42036.2
    -34965.9
    -48700.6
    -33075.3
    -62942.2
    -37087.8
    -61612.7
    -45660.5
    -46448.9
    -44044.5
    -89913.3
    -55904.9
    -45485.4
    -33602.7
           0
    -47631.8
           0
    -66861.6
    -58415.9
    -51468.8
    -40899.2
    -39577.5
           0
    -55811.8
    -34094.1
    -26325.9
    -47792.3
           0
           0
           0
    -64170.2
    -57449.7
    -32237.1
           0
    -33399.2
    -29721.7
    -32109.5
    -39623.1
    -40838.1
    -37151.7
    -37490.1
    -39797.3
    -33488.8
      -44237
    -33802.3
    -45735.7
    -39869.2
    -51687.9
    -27947.7
    -44430.4
    -42997.2
    -57248.8
    -71228.9
    -87065.5
    -36133.9
           0
           0
      -29686
           0
           0
    -60808.7
    -52144.5
    -52784.9
    -46645.1
    -81881.6
    -68703.4
    -68091.7
    -66530.3
    -73699.3
    -59457.3
           0
           0
      -56187
    -37459.5
    -38011.2
    -48548.4
    -53962.1
    -50202.8
      -34422
      -63943
      -61290
      -60638
    -47981.4
    -42951.7
    -52799.1
    -43944.7
    -40722.4
    -58708.3
    -71257.3
    -58066.9
    -61241.6
    -46486.4
    -51707.9
    -58748.1
    -47039.8
    -56378.1
    -74386.4
    -68158.8
    -96095.4
    -50011.4
    -65647.1
    -55859.7
    -41225.9
    -38817.5
    -35899.7
    -42688.9
    -38112.8
    -34534.8
    -42241.3
    -42882.9
      -40714
      -42099
    -32098.2
    -48841.2
    -50427.7
    -77770.4
           0
    -94961.6
           0
    -52271.9
    -48559.9
    -35000.9
    -73317.5
           0
    -30404.2
    -45355.6
    -31218.5
    -47323.1
           0
    -37452.5
    -30189.3
    -34775.5
    -61377.7
    -48764.6
    -64078.7
    -56695.2
           0
           0
    -38326.2
    -37282.9
           0
    -40601.7
      -34556
    -69000.3
      -62497
           0
    -54499.4
    -49865.9
           0
           0
           0
    -69393.6
      -50262
    -67447.3
    -64618.3
           0
    -67767.3
    -46384.7
    -53291.5
    -58635.2
           0
      -33908
    -40455.1
    -36543.3
           0
           0
           0
           0
           0
    -42775.9
    -61499.2
    -55094.4
           0
      -55053
    -29320.7
    -56598.9
           0
           0
    -77982.1
    -31171.1
    -51775.5
    -45690.5
    -65742.8
    -38518.9
    -48734.6
    -43320.3
           0
    -27827.7
    -48899.1
    -40319.3
    -32873.2
      -33996
    -34148.2
    -34253.6
    -37621.4
    -39585.2
    -42824.3
    -44989.1
    -33958.5
    -35918.6
    -33292.2
           0
    -28172.3
           0
    -30351.3
    -52225.6
    -36006.5
    -35470.5
    -43694.4
    -41490.2
    -34186.9
      -36694
    -27486.5
    -35120.5
    -34292.4
    -58288.5
    -27202.1
    -23738.1
    -31331.7
    -44732.1
    -60839.8
    -29605.6
    -47841.2
    -43384.7
      -48368
    -37961.7
           0
    -34926.1
    -28013.2
    -27595.6
    -27029.2
    -51149.1
    -52020.5
    -40097.3
    -40968.1
    -53914.9
      -48175
    -75964.7
    -63733.6
    -58772.9
    -43746.9
    -48877.9
      -68663
    -33264.4
    -35938.6
    -46047.6
           0
    -49711.4
           0
    -53429.4
           0
    -64346.5
           0
    -39685.9
    -50101.6
    -46971.4
    -42896.1
      -56206
           0
      -69475
    -48544.4
    -57439.7
    -64868.9
           0
           0
    -44432.7
    -58081.8
    -56091.8
      -53160
    -36752.2
      -61429
    -83897.1
      -65857
    -47291.9
    -57317.8
    -59315.1
      -41583
    -66156.4
           0
           0
           0
           0
    -43706.1
    -28295.4
           0
           0
    -44964.2
           0
           0
           0
           0
           0
    -22465.4
           0
           0
    -31690.8
    -63770.3
    -53935.2
           0
    -45583.8
           0
    -59225.6
           0
           0
    -47926.8
    -63019.4
    -72319.2
    -50352.2
    -52513.8
    -52348.2
    -57638.5
           0
           0
           0
           0
           0
    -42212.2
    -29680.8
           0
           0
           0
    -25470.7
    -38799.7
           0
           0
           0
    -30549.9
    -42427.7
    -28274.8
    -27433.2
    -31288.7
    -22699.3
           0
           0
    -26292.5
    -23453.2
           0
           0
      -26768
    -24259.1
           0
    -26186.3